46 46 1 63
1  1  2  3  4  5  1  2  3  4  5  1  2  3  4  5  1  2  3  4  5  1  2  3  4  5  1  2  3  4  5  1  2  3  4  5  1  2  3  4  5  1  2  3  4  5  
2  1  2  3  4  55 1  2  3  4  5  1  2  3  4  5  1  2  3  4  5  1  2  3  4  5  1  2  43 4  5  1  2  3  4  5  1  2  3  4  5  1  2  3  4  5  
3  1  2  3  44 5  1  42 3  4  45 51 2  3  4  5  1  2  3  4  5  1  2  58 4  5  1  2  53 4  5  1  2  3  4  45 11 2  43 4  5  41 2  3  4  5  
4  1  2  3  4  5  1  2  3  4  5  51 2  3  4  5  1  2  3  4  5  1  2  58 4  5  1  2  63 4  5  1  2  3  4  5  1  2  3  4  5  1  2  3  4  5  
5  1  62 3  4  5  1  2  43 4  5  1  2  3  4  5  1  2  3  4  5  1  2  5  4  5  1  2  53 4  35 1  2  3  4  5  41 2  3  4  5  1  2  3  4  5  
6  1  2  3  4  5  1  2  3  4  5  1  2  3  4  5  1  2  3  4  5  1  2  41 4  5  1  2  3  4  5  1  2  3  4  5  51 2  3  4  55 51 2  3  4  5  
7  1  2  3  4  5  1  2  3  44 5  1  2  3  4  5  8  2  3  4  5  1  2  38 4  5  1  12 3  44 5  1  2  3  4  5  1  2  61 4  5  1  2  3  4  5  
8  1  2  3  4  5  1  2  53 4  5  1  2  3  4  5  1  2  3  4  5  1  42 53 44 5  1  2  3  4  4  1  2  3  4  55 1  2  3  4  5  1  2  3  4  5  
9  1  2  3  4  5  1  2  3  4  5  1  2  3  4  5  1  2  3  4  5  1  48 38 48 5  1  2  3  44 5  1  2  3  4  5  1  2  3  4  5  1  2  3  4  5  
10 11 2  43 4  5  1  2  3  4  5  1  2  3  4  5  1  2  3  4  5  48 4  48 48 48 1  2  43 4  5  1  2  3  4  5  1  2  3  4  5  1  2  3  4  5  
1  1  2  3  4  5  11 2  3  4  5  1  2  3  4  5  1  2  3  4  48 33 41 4  41 48 48 2  3  44 5  1  2  3  4  5  1  2  3  4  5  1  2  3  4  5  
2  1  2  3  4  4  1  2  3  4  5  1  2  3  4  5  1  2  3  48 48 48 4  8  48 48 48 48 3  4  5  19 2  3  4  5  1  2  3  14 5  1  2  3  4  5  
3  1  2  3  4  5  5  2  3  4  5  1  2  3  4  5  1  2  4  38 44 8  8  34 41 4  38 37 38 41 35 1  2  3  4  5  1  2  3  44 5  1  2  3  4  5  
4  41 32 33 34 37 38 39 31 30 32 34 35 34 35 38 40 48 60 63 60 48 41 38 35 34 32 31 30 28 25 28 24 22 20 18 8  6  13 4  5  1  2  3  14 5  
5  1  21 3  4  5  1  2  3  4  5  1  2  3  4  5  1  48 48 48 48 10 48 48 48 34 48 48 48 48 5  1  2  3  4  5  1  2  3  4  5  1  32 3  4  5  
6  1  2  3  4  5  1  2  3  4  5  1  2  3  4  5  48 48 48 48 48 48 48 48 48 48 48 48 4  48 48 1  2  3  4  5  1  2  3  4  55 1  2  3  4  5  
7  1  2  3  14 5  1  2  3  4  5  1  2  3  4  48 48 48 41 42 43 41 42 43 4  48 48 46 48 48 48 48 2  3  4  51 1  2  3  4  5  1  2  3  4  5  
8  1  2  3  4  5  1  2  3  4  5  1  2  3  48 41 48 44 48 8  45 48 4  48 48 48 48 48 48 48 4  4  48 3  4  5  1  2  3  4  5  1  2  3  4  5  
9  1  2  3  4  15 1  12 3  4  5  1  2  48 48 48 48 60 48 48 48 48 48 61 62 48 48 48 48 8  7  48 48 48 4  5  1  2  3  4  5  1  2  13 4  5  
10 1  2  3  4  5  1  2  3  4  5  1  48 48 48 5  48 48 48 3  48 48 48 48 48 6  48 48 47 48 8  48 48 48 48 5  1  12 3  4  5  1  2  3  4  5  
1  1  52 3  4  5  1  12 3  4  5  48 48 58 48 48 48 48 48 48 28 38 48 48 48 48 48 48 8  48 48 28 28 38 28 18 1  2  3  4  5  11 2  3  4  5  
2  1  2  3  4  5  1  2  3  4  48 48 58 48 48 48 40 48 47 48 48 48 41 48 42 48 52 48 4  38 5  48 48 48 38 38 28 18 3  4  5  1  2  3  14 5  
3  61 22 23 24 27 38 29 31 30 32 34 35 34 35 38 40 48 60 63 60 48 41 38 45 34 39 31 30 28 25 28 24 22 20 18 18 16 13 4  5  1  2  3  4  5  
4  1  2  3  4  5  1  2  48 48 48 48 48 48 4  48 48 48 48 58 58 58 38 38 58 48 58 58 28 24 44 48 48 48 38 38 43 28 18 4  5  1  2  3  4  5  
5  1  2  48 41 48 42 48 43 8  48 60 48 48 48 48 41 42 48 43 48 46 48 45 48 40 48 4  3  48 30 48 48 48 8  48 48 38 38 4  2  8  8  8  4  5  
6  1  2  3  4  5  1  2  48 48 48 48 48 48 8  48 48 63 48 63 4  48 48 48 4  48 48 48 8  4  48 48 48 48 48 18 48 48 48 4  5  1  2  3  4  5  
7  1  2  3  4  5  1  2  3  48 48 8  48 48 42 48 48 18 48 48 48 48 63 48 48 48 48 48 48 8  8  48 48 48 5  48 48 48 3  4  5  1  2  3  4  5  
8  1  2  3  4  5  13 2  3  4  48 48 62 48 55 48 48 48 4  37 8  48 48 48 54 48 58 48 48 4  42 8  48 48 48 48 48 2  3  4  5  11 2  3  4  5  
9  1  2  3  4  5  1  2  3  4  5  48 48 48 48 48 48 8  28 38 48 48 4  48 48 48 1  48 48 6  4  38 4  48 48 48 1  2  3  4  5  1  2  3  4  5  
10 1  2  3  4  5  1  2  3  4  5  1  48 48 48 48 3  48 48 48 48 48 48 18 48 48 48 48 48 48 48 8  4  48 48 5  1  2  3  4  5  1  12 3  4  5  
1  21 42 53 24 27 28 29 31 30 32 34 35 34 35 38 40 48 60 63 60 48 41 38 35 34 32 31 30 28 25 28 24 32 20 18 8  6  3  4  5  1  2  3  14 5  
2  1  2  3  4  5  1  2  3  4  5  1  2  48 48 48 48 48 18 48 48 48 48 48 48 48 48 48 8  48 48 8  4  48 4  5  1  2  3  14 15 1  2  3  4  5  
3  11 2  3  4  5  1  2  3  4  5  1  2  3  48 48 48 48 48 48 48 48 48 48 48 48 48 48 48 48 48 8  4  3  4  5  1  2  3  4  5  1  2  3  4  5  
4  1  2  3  4  15 1  2  3  4  5  1  2  3  4  48 48 41 42 43 48 40 48 42 48 43 48 44 48 28 48 48 2  3  4  5  1  2  3  4  55 1  2  3  4  5  
5  1  2  3  42 55 1  42 3  4  5  1  2  3  4  5  34 44 41 34 24 34 34 41 34 34 42 34 34 24 4  1  2  3  4  5  1  2  3  4  5  1  2  3  4  5  
6  1  2  3  4  5  1  2  3  4  5  1  2  3  4  5  1  48 48 58 4  1  28 41 1  48 2  4  8  48 5  1  2  3  4  5  1  2  3  4  5  1  2  3  4  5  
7  1  2  3  4  5  1  2  3  4  5  13 2  3  4  5  1  2  48 48 8  48 34 35 41 48 48 8  48 4  5  1  2  3  4  5  1  2  3  4  5  1  2  3  4  5  
8  1  2  3  4  51 1  2  3  4  5  1  2  3  4  5  1  2  3  48 38 48 38 8  1  48 38 48 3  4  5  1  2  3  4  5  1  2  3  4  5  1  2  3  4  5  
9  1  2  3  4  5  1  12 3  4  5  1  2  3  4  5  1  2  3  4  48 48 48 48 48 48 48 2  3  4  5  1  2  3  4  5  1  2  3  4  5  1  2  3  4  5  
10 1  2  3  4  5  1  2  3  4  5  1  2  3  4  5  1  2  3  4  5  48 48 18 48 48 1  2  3  4  5  1  2  3  4  5  1  2  3  4  5  1  2  3  4  5  
1  1  2  3  44 5  1  2  3  4  5  1  12 3  4  5  1  2  3  4  5  1  48 48 48 5  1  2  3  4  5  1  2  3  4  55 1  2  3  4  55 1  2  3  4  5  
2  1  2  3  48 5  1  2  3  4  55 51 12 3  4  5  1  2  3  4  5  1  42 48 4  5  1  2  3  4  5  1  2  3  4  5  1  2  3  4  5  1  2  3  4  5  
3  1  2  3  4  45 51 2  3  4  5  1  2  3  4  5  1  2  3  4  5  1  2  48 4  5  1  2  3  4  5  1  2  3  63 5  1  2  3  4  5  1  2  3  4  5  
4  1  2  3  4  5  1  2  3  4  5  1  2  3  14 5  1  2  3  4  5  1  2  48 4  5  1  2  3  4  5  1  2  59 5  5  1  2  43 4  5  1  2  33 4  5  
5  1  2  3  4  5  11 2  3  44 5  1  2  3  4  5  1  2  3  4  5  1  2  48 4  5  1  2  3  4  5  1  2  3  4  5  1  2  3  4  5  1  2  3  4  5  
6  1  2  3  4  5  1  2  3  4  5  1  2  3  4  5  1  2  3  4  5  1  2  3  4  5  1  2  3  4  5  1  2  3  4  5  1  2  3  4  5  1  2  3  4  5  
46 46 1 63
6  9  9  8  9  8  7  11 10 8  8  7  3  3  3  3  3  3  3  7  7  7  7  7  11 11 12 12 12 4  4  4  6  6  8  8  6  6  6  4  4  4  3  4  0  0  
6  9  9  8  9  8  7  11 10 8  8  7  3  3  3  3  3  3  3  9  9  9  9  9  11 11 12 12 12 4  4  4  8  8  10 10 10 10 10 8  8  6  3  4  0  0  
7  7  7  6  7  7  9  13 11 10 8  7  3  3  3  3  3  3  3  10 10 10 10 10 9  11 12 12 12 5  4  4  8  8  12 12 12 12 12 8  8  6  3  4  0  0  
5  5  5  3  6  8  8  10 10 6  5  5  3  3  3  3  3  3  4  11 13 13 13 12 9  9  10 10 10 5  4  5  8  8  10 10 10 9  9  7  7  5  3  4  0  0  
5  5  5  3  6  8  8  8  8  4  3  3  3  3  3  3  3  3  6  12 16 16 16 13 8  8  9  9  9  7  4  5  8  8  10 10 10 9  9  7  7  5  3  4  0  0  
5  5  4  4  5  6  6  6  6  4  3  3  3  3  3  3  3  4  8  16 21 23 21 18 11 9  8  8  7  6  2  5  7  7  9  9  9  9  9  7  7  5  3  4  0  0  
5  5  5  5  5  7  7  6  6  4  3  3  3  3  3  3  5  7  12 19 26 27 26 21 16 15 11 9  9  7  2  5  5  5  7  7  5  5  5  3  3  3  3  4  0  0  
5  4  4  4  5  5  5  5  5  3  3  3  3  3  3  4  8  13 18 23 30 32 30 27 23 18 13 10 8  6  3  5  5  5  5  5  3  3  3  3  3  3  3  4  0  0  
5  4  5  5  3  3  3  3  3  3  3  3  3  3  3  6  11 16 20 24 30 30 30 29 27 24 20 15 12 9  4  3  3  3  3  5  5  5  5  5  3  3  3  4  0  0  
10 11 11 11 10 9  9  9  8  9  9  9  9  10 11 15 21 27 28 31 33 32 31 32 31 28 24 19 15 12 9  7  6  5  5  6  5  5  5  5  3  3  4  4  0  0  
8  10 10 10 10 9  9  9  8  9  9  9  9  12 14 20 28 32 34 34 35 32 34 35 35 33 29 23 17 14 9  7  6  5  5  6  5  5  6  6  4  4  5  4  0  0  
8  10 10 9  9  9  9  9  8  9  9  9  11 15 20 28 35 38 38 39 38 35 37 39 37 35 33 26 19 16 10 7  6  5  5  6  7  7  8  8  6  4  5  4  0  0  
9  10 10 10 10 9  9  9  8  9  9  11 15 21 27 34 40 41 41 41 38 35 38 39 37 38 38 33 26 20 13 10 7  7  6  7  7  7  8  7  6  4  5  4  0  0  
9  10 10 10 9  9  9  9  8  9  10 14 20 27 35 40 44 45 43 42 41 39 41 42 40 42 38 33 27 21 14 12 9  7  6  6  5  5  6  6  6  4  5  4  0  0  
4  4  4  4  4  3  3  3  3  4  8  13 20 30 37 40 44 44 41 42 43 42 44 46 44 44 39 33 28 23 15 14 10 6  4  4  5  5  6  6  6  4  5  4  0  0  
4  3  3  4  4  3  3  3  4  8  13 18 28 35 40 40 44 43 41 42 44 43 43 45 43 42 39 35 32 28 23 21 15 10 7  5  5  5  5  5  5  3  4  4  0  0  
5  5  5  4  4  4  3  5  8  14 21 28 35 41 44 42 43 42 40 40 43 42 43 45 43 43 39 37 34 32 27 26 19 13 8  5  3  3  3  3  3  3  4  4  0  0  
5  5  5  4  4  4  5  9  14 22 30 35 41 44 45 42 43 43 41 41 45 44 45 47 43 41 36 33 32 33 31 30 25 17 11 6  5  4  3  3  4  4  4  5  0  0  
9  11 10 9  9  9  11 14 20 28 35 38 42 45 45 44 46 47 45 45 47 45 45 45 40 37 34 32 31 34 33 32 26 21 13 9  6  5  3  3  4  4  4  5  0  0  
9  10 9  8  10 12 16 21 29 35 38 40 42 42 43 44 47 47 46 45 46 44 44 44 40 38 36 34 33 36 36 35 31 26 19 13 10 7  4  3  3  3  4  4  0  0  
12 15 16 16 18 19 23 29 35 39 43 44 44 44 44 47 48 49 48 46 46 45 45 44 38 36 33 32 32 37 35 35 33 29 24 19 14 9  6  4  4  4  4  5  0  0  
10 13 14 16 20 22 28 34 40 42 42 42 42 42 43 48 48 49 48 46 43 43 43 42 36 34 32 31 32 37 38 38 37 34 30 25 19 12 7  3  4  4  4  5  0  0  
11 13 14 16 20 24 29 34 40 42 40 40 41 41 42 48 47 48 49 47 44 44 44 42 38 35 32 31 32 36 36 37 36 35 31 27 21 14 7  3  3  3  4  4  0  0  
6  8  10 11 15 19 26 32 40 44 44 44 44 43 41 45 42 43 44 45 43 46 47 45 41 36 34 32 33 37 39 41 42 39 34 29 22 13 7  4  4  4  4  4  0  0  
6  8  10 11 13 15 20 27 35 40 44 45 46 43 41 42 38 39 40 42 41 44 43 42 39 34 30 29 29 33 36 39 39 37 31 26 18 11 7  4  4  4  4  4  0  0  
3  3  3  3  5  8  13 19 29 36 40 43 45 42 39 41 37 39 40 42 40 44 42 43 43 38 34 32 28 30 35 36 36 34 26 19 14 8  5  3  3  3  4  4  0  0  
8  9  9  9  8  10 14 17 26 33 38 42 44 41 40 40 39 41 43 43 43 44 42 42 43 38 34 31 28 28 31 32 31 29 20 14 9  5  3  3  4  4  4  4  0  0  
8  9  9  9  8  8  10 14 20 27 35 40 42 43 40 40 39 41 41 43 42 43 41 42 42 38 35 31 26 27 29 27 26 23 15 9  6  4  4  4  4  4  4  4  0  0  
8  9  9  8  7  8  8  10 14 19 27 34 38 41 41 42 43 45 45 45 44 43 40 42 41 39 37 33 26 26 24 20 17 16 9  6  4  3  4  4  4  3  4  4  0  0  
8  9  9  9  8  8  8  8  10 14 19 27 33 38 41 44 45 47 47 46 45 44 43 43 42 41 41 36 29 27 22 15 12 11 6  4  6  5  6  6  6  3  4  4  0  0  
9  13 13 14 13 12 10 10 8  10 14 19 27 34 39 43 44 44 44 44 43 42 42 42 40 38 37 32 25 22 17 11 8  7  4  4  6  5  5  5  5  3  4  4  0  0  
4  7  6  8  8  7  4  4  3  4  8  13 20 29 34 39 40 40 39 40 37 39 40 39 36 37 34 29 23 19 12 7  4  4  3  3  5  5  5  5  5  3  3  4  0  0  
4  7  6  8  8  7  4  5  3  3  5  8  13 20 28 35 36 37 38 37 34 38 39 37 36 35 30 25 20 13 8  5  3  3  3  3  5  5  5  5  5  3  3  4  0  0  
4  8  8  10 10 8  4  5  3  3  3  5  7  13 19 28 30 33 35 34 30 34 34 33 32 31 25 20 15 10 6  4  3  3  3  3  5  5  5  5  5  3  3  4  0  0  
4  8  8  10 10 8  5  5  3  3  3  3  4  7  12 19 23 29 32 33 31 35 35 31 28 27 19 12 8  5  2  3  3  3  3  3  3  3  3  3  3  3  3  4  0  0  
3  4  4  5  5  5  3  3  3  3  3  3  3  4  8  14 17 24 30 32 31 36 34 29 25 22 14 8  6  4  3  3  3  3  3  3  3  3  3  3  3  3  3  4  0  0  
5  6  6  6  6  5  3  3  3  3  3  3  3  3  4  8  11 19 27 31 34 37 35 29 25 19 12 6  4  3  3  5  5  5  5  5  5  5  5  5  5  3  3  4  0  0  
6  8  8  8  8  5  5  7  7  7  7  5  3  3  3  4  7  13 22 28 31 33 31 24 18 13 8  4  3  3  3  5  5  5  5  5  5  5  5  5  5  3  3  4  0  0  
6  7  9  10 10 7  7  7  7  7  7  5  3  3  3  3  4  8  15 23 28 30 28 21 13 8  4  3  3  3  5  7  7  7  7  5  5  5  5  5  5  3  3  4  0  0  
6  7  9  9  9  6  7  7  7  7  8  6  4  3  3  3  3  4  10 17 21 23 21 16 8  4  3  3  3  5  7  9  9  9  9  6  6  6  6  6  6  4  5  5  0  0  
5  7  10 10 10 8  9  8  9  9  8  6  4  3  3  3  3  3  6  15 17 17 17 13 4  3  3  3  3  5  7  9  9  9  9  6  6  6  6  6  6  4  5  5  0  0  
4  6  8  8  8  8  9  8  9  9  7  5  3  3  3  3  3  3  4  11 11 11 11 10 3  3  3  3  3  5  7  7  7  7  7  4  4  4  4  4  4  4  5  5  0  0  
2  4  7  7  7  8  7  4  4  4  3  3  3  3  3  3  3  3  3  8  8  8  8  8  3  3  3  3  3  5  7  7  7  7  7  4  4  4  4  4  4  4  5  5  0  0  
3  3  3  3  3  5  5  4  4  4  3  3  3  3  3  3  3  3  3  6  6  6  6  6  3  3  3  3  3  5  5  5  5  5  4  4  4  4  4  4  4  4  5  5  0  0  
0  0  0  0  0  0  0  0  0  0  0  0  0  0  0  0  0  0  0  0  0  0  0  0  0  0  0  0  0  0  0  0  0  0  0  0  0  0  0  0  0  0  0  0  0  0  
0  0  0  0  0  0  0  0  0  0  0  0  0  0  0  0  0  0  0  0  0  0  0  0  0  0  0  0  0  0  0  0  0  0  0  0  0  0  0  0  0  0  0  0  0  0  
46 46 1 63
1  2  2  3  3  3  3  3  3  3  3  3  3  3  3  3  3  3  3  3  3  3  3  3  3  3  3  3  3  3  3  3  3  3  3  3  3  3  3  3  3  3  2  2  2  3  
2  2  2  3  3  3  3  3  3  4  3  3  3  3  3  3  3  3  3  3  3  3  3  3  3  3  4  4  4  4  4  3  3  3  3  3  3  3  3  3  3  3  2  2  2  3  
2  2  3  3  3  3  3  3  3  4  4  3  3  3  3  3  3  3  3  3  3  4  4  4  4  4  4  4  4  4  4  3  3  3  3  3  4  4  4  3  3  3  2  2  2  3  
3  3  3  3  3  3  3  3  3  4  4  3  3  3  3  3  3  3  3  3  3  4  4  4  4  4  4  4  4  4  4  3  3  3  4  4  4  4  4  4  4  3  2  2  2  3  
4  3  3  3  3  3  3  3  3  4  4  3  3  3  3  3  3  3  3  3  3  4  4  4  4  4  4  4  4  4  4  3  3  3  4  4  4  4  4  4  4  3  2  2  2  3  
5  3  3  3  3  3  3  3  3  4  4  3  3  3  3  3  3  3  3  3  3  4  4  4  4  4  4  4  4  4  3  3  3  3  3  3  4  4  4  3  3  3  2  2  2  3  
6  3  3  3  3  3  3  3  3  3  3  3  3  3  3  3  3  3  3  3  3  4  5  5  5  5  3  3  3  3  3  3  3  3  3  3  4  4  4  3  3  3  2  2  2  3  
7  3  3  3  3  3  3  3  3  3  3  3  3  3  3  3  3  3  3  3  4  5  5  5  5  5  3  3  3  3  3  3  3  3  3  3  3  3  3  3  3  3  2  2  2  3  
7  3  3  3  3  3  3  3  3  3  3  3  3  3  3  3  3  3  3  3  4  5  38 38 38 5  4  4  4  3  3  3  3  3  3  3  3  3  3  3  3  3  2  2  2  3  
2  2  3  3  3  3  3  3  3  3  3  3  3  3  3  3  3  3  3  4  4  8  41 42 42 41 5  4  4  4  3  3  3  3  3  3  3  3  3  3  3  3  2  2  2  3  
2  2  3  3  4  4  3  3  3  3  3  3  3  3  3  3  3  3  3  4  5  33 41 41 41 38 38 37 5  5  4  3  3  3  3  3  3  3  3  3  3  3  2  2  2  3  
2  3  3  4  4  4  4  4  4  4  4  4  4  4  4  4  4  4  4  33 38 38 41 41 38 38 38 34 30 19 5  4  4  4  4  4  4  4  4  3  3  3  2  2  2  3  
2  3  3  4  4  4  4  4  4  4  4  4  4  4  4  4  4  5  40 48 44 41 41 38 41 38 38 38 35 28 5  5  4  4  4  4  4  4  4  3  3  3  2  2  2  3  
3  3  3  4  4  4  4  4  4  4  4  4  4  4  4  4  5  38 48 48 48 48 48 41 41 48 41 38 38 30 19 5  4  4  4  4  4  4  4  3  3  3  2  2  2  3  
4  3  4  4  4  4  4  4  4  4  4  4  4  4  4  5  38 48 48 48 48 44 43 41 42 43 41 46 46 38 28 22 4  4  4  4  4  4  4  3  3  3  2  2  2  3  
5  4  4  4  4  4  4  4  4  4  4  4  4  4  5  38 48 48 48 48 48 48 48 48 48 48 48 48 48 48 28 22 4  4  4  4  4  4  4  3  3  3  2  2  2  3  
6  3  3  3  3  3  3  3  3  3  3  3  3  3  4  48 48 48 48 48 48 48 48 48 48 48 48 48 48 48 48 7  4  4  4  3  3  3  3  3  3  3  2  2  2  3  
6  3  3  3  3  3  3  3  3  3  3  4  4  4  48 48 48 48 48 48 48 48 48 48 48 48 48 48 48 48 48 48 7  5  4  4  3  3  3  3  3  3  2  2  2  3  
7  3  3  3  3  3  3  3  3  4  4  4  5  48 48 48 48 48 48 48 48 48 48 48 48 48 48 48 48 48 48 48 28 28 5  4  3  3  3  3  3  3  2  2  2  3  
2  2  3  3  3  3  3  3  3  4  4  5  48 48 48 48 48 48 48 48 48 48 48 48 48 48 48 48 48 48 48 48 38 38 28 5  4  4  4  4  3  3  2  2  2  3  
2  3  3  4  4  4  4  4  4  5  5  34 48 48 48 48 48 48 48 48 48 48 48 48 48 48 48 48 47 38 30 38 38 38 28 18 12 4  4  4  3  3  2  2  2  3  
2  3  3  4  4  4  4  4  4  12 34 48 48 48 48 48 48 48 48 48 48 48 48 48 48 48 48 48 44 38 30 44 38 38 38 28 18 12 5  4  4  3  2  2  2  3  
2  3  3  4  5  5  5  8  29 32 48 48 48 48 48 48 48 48 48 48 48 48 48 48 48 48 48 40 38 30 30 44 38 38 38 28 20 18 5  5  4  4  3  2  3  4  
3  3  3  4  4  5  5  27 32 48 48 48 48 48 48 48 48 48 48 48 48 48 48 48 48 48 45 39 31 30 30 48 48 48 43 38 38 18 16 5  4  3  2  2  2  3  
4  3  4  4  4  5  5  29 38 48 48 48 48 48 48 48 48 48 48 48 48 48 48 48 48 48 48 40 31 30 30 48 48 48 48 43 38 28 16 5  4  3  2  2  2  3  
4  3  3  3  4  4  4  5  42 48 48 48 48 48 48 48 48 48 48 48 48 48 48 48 48 48 48 48 48 44 48 48 48 48 48 48 43 38 5  5  4  4  3  2  3  4  
5  3  3  3  4  4  4  5  5  43 48 48 48 48 48 48 48 48 48 48 48 48 48 48 48 48 48 48 48 42 42 48 48 48 48 48 48 38 5  4  4  4  3  2  3  4  
6  3  3  3  3  3  3  3  3  4  48 48 48 48 48 48 48 48 48 48 48 48 48 48 48 48 48 48 48 48 42 48 48 48 48 48 48 4  4  4  4  3  3  2  3  3  
7  3  3  4  4  4  4  4  4  5  31 48 48 48 48 48 48 48 48 48 48 48 48 48 48 48 48 48 48 38 28 28 38 48 48 48 6  4  4  4  3  3  3  2  3  3  
2  3  3  4  4  4  4  4  4  4  5  34 48 48 48 48 48 48 48 48 48 48 48 48 48 48 48 48 48 38 28 28 32 28 24 18 4  4  4  3  3  3  3  2  3  3  
2  3  3  4  4  4  4  4  4  4  4  5  34 48 48 48 48 48 48 48 48 48 48 48 48 48 48 48 48 48 28 28 24 8  5  5  3  3  3  3  3  3  2  2  2  3  
2  3  3  4  4  4  4  4  4  4  4  4  5  35 48 48 48 48 48 48 48 48 48 48 48 48 48 48 48 48 28 28 20 5  4  4  3  3  3  3  3  3  2  2  2  3  
2  3  3  4  4  4  4  4  4  4  4  4  4  4  35 44 48 48 48 48 48 48 48 48 48 44 44 43 44 34 28 24 4  5  4  4  3  3  3  3  3  3  2  2  2  3  
3  3  3  3  3  3  3  3  3  3  3  3  3  3  4  44 48 48 48 48 48 48 48 48 48 48 48 48 48 34 8  5  4  4  4  3  3  3  3  3  3  3  2  2  2  3  
4  3  3  3  3  3  3  3  3  3  3  3  3  3  4  5  41 44 44 44 43 41 41 41 42 42 44 44 42 28 8  4  4  4  3  3  3  3  3  3  3  3  2  2  2  3  
4  3  3  3  3  3  3  3  3  3  3  3  3  3  3  4  5  41 41 41 40 38 35 40 41 41 41 38 28 8  4  3  3  3  3  3  3  3  3  3  3  3  2  2  2  3  
5  3  3  3  3  3  3  3  3  4  3  3  3  3  3  4  4  5  24 38 38 38 35 41 41 41 34 34 5  4  4  3  3  3  3  3  3  3  3  3  3  3  2  2  2  3  
6  3  3  3  3  3  3  3  3  3  3  3  3  3  3  3  4  4  4  8  38 38 38 48 41 41 38 8  5  4  3  3  3  3  3  3  3  3  3  3  3  3  2  2  2  3  
2  3  3  3  3  3  3  3  3  3  3  3  3  3  3  3  3  3  3  4  38 38 48 48 48 41 38 4  4  4  3  3  3  3  3  3  3  3  3  3  3  3  2  2  2  3  
2  2  3  3  3  3  3  3  3  3  4  4  4  4  3  3  3  3  3  4  5  38 48 48 48 18 3  4  4  3  3  3  3  3  3  3  3  3  3  3  3  3  2  2  2  3  
2  2  3  3  3  3  3  3  3  3  4  4  4  4  3  3  3  3  3  3  4  5  48 48 48 5  3  3  3  3  3  3  3  3  3  3  3  3  3  3  3  3  2  2  2  3  
2  2  3  3  3  3  3  3  3  3  4  4  4  4  3  3  3  3  3  3  4  5  5  5  5  4  3  3  3  3  3  3  3  3  3  3  3  3  3  3  3  3  2  2  2  3  
2  2  3  3  3  3  3  3  3  3  4  4  4  4  3  3  3  3  3  3  3  4  5  5  5  4  3  3  3  3  3  3  3  3  3  3  3  3  3  3  3  3  2  2  2  3  
2  2  3  3  3  3  3  3  3  3  4  4  4  4  3  3  3  3  3  3  3  4  4  4  4  4  3  3  3  3  3  3  3  3  3  3  3  3  3  3  3  3  2  2  2  3  
2  2  3  3  3  3  3  3  3  3  4  4  4  4  3  3  3  3  3  3  3  4  5  5  5  4  3  3  3  3  3  3  3  3  3  3  3  3  3  3  3  3  2  2  2  3  
2  2  3  3  3  3  3  3  3  3  4  4  4  4  3  3  3  3  3  3  4  5  5  5  5  4  3  3  3  3  3  3  3  3  3  3  3  3  3  3  3  3  2  2  2  3  
46 46 1 63
1  1  2  5  7  8  6  5  4  5  6  5  4  3  3  3  2  2  3  3  3  3  3  5  4  4  4  5  8  6  4  2  2  3  4  5  4  4  4  4  4  4  3  3  3  4  
1  1  3  7  9  12 8  7  5  7  9  10 6  4  3  3  2  2  3  3  3  4  6  9  7  5  6  8  14 9  7  2  2  3  5  6  6  5  5  6  6  5  4  3  4  5  
3  3  6  8  11 11 9  10 9  12 15 15 10 6  3  3  2  2  3  3  3  6  8  14 9  7  7  11 19 13 9  3  2  4  7  10 10 8  9  7  7  8  5  5  5  8  
4  5  7  8  8  8  7  7  8  11 12 14 9  6  3  3  2  2  3  3  3  6  9  16 10 7  8  12 20 14 10 3  3  3  6  9  11 8  8  7  9  8  5  5  5  8  
6  6  11 8  7  4  5  7  10 11 11 9  6  4  3  3  2  2  3  3  3  5  8  13 9  6  7  10 18 14 12 5  3  3  7  10 13 10 11 9  11 10 6  5  6  10 
5  5  6  5  4  3  4  6  9  9  7  5  3  3  3  3  3  2  3  3  3  7  11 17 12 8  5  7  12 11 9  4  3  3  7  10 14 11 12 11 14 12 8  6  8  12 
5  4  5  4  4  3  4  7  10 12 7  4  2  3  3  3  3  3  3  3  4  9  16 21 16 10 5  7  9  12 8  5  2  4  7  10 12 10 13 10 11 8  5  4  5  8  
6  4  4  4  4  3  4  6  11 9  7  3  2  3  3  3  3  2  3  3  7  14 24 29 26 16 7  6  8  9  7  4  2  5  7  11 9  8  8  7  8  6  4  3  4  6  
6  5  5  5  5  4  4  5  7  7  5  3  2  3  3  3  2  2  3  5  11 18 28 32 31 21 13 10 11 14 8  5  2  4  5  6  5  5  5  4  4  2  2  2  2  2  
5  6  6  8  6  5  3  4  5  4  3  2  2  3  3  3  2  3  5  11 17 25 28 34 34 29 21 15 14 12 9  5  2  3  4  5  3  3  3  3  3  2  2  2  2  2  
3  4  4  5  5  5  4  3  3  3  3  2  2  3  3  3  2  3  9  17 25 26 28 29 34 33 29 22 18 17 11 7  3  3  3  3  2  3  4  5  4  3  2  2  2  3  
4  5  6  8  8  8  7  6  6  6  6  6  6  6  7  7  7  10 17 28 32 32 27 28 33 36 34 29 23 19 14 10 6  6  5  4  3  4  6  7  6  3  2  2  2  3  
5  7  9  9  10 10 10 9  9  9  9  8  9  9  10 11 12 18 26 34 37 32 29 29 33 34 35 32 30 26 19 13 9  7  6  5  4  5  7  10 7  5  4  3  4  5  
7  12 13 15 15 15 15 14 14 13 13 13 14 14 15 18 24 31 39 44 43 39 36 35 37 37 37 36 32 29 22 16 11 10 9  7  5  5  7  8  8  6  5  4  5  6  
7  8  11 10 11 10 9  9  9  9  9  8  9  10 12 19 26 37 43 45 44 39 40 39 40 39 40 40 38 34 25 16 9  7  7  7  5  4  6  8  9  7  8  6  8  7  
6  6  7  7  8  7  6  6  6  6  6  6  6  9  15 24 34 41 45 45 44 42 41 41 42 43 42 42 38 36 28 19 12 8  7  7  5  4  5  7  11 7  7  4  7  7  
5  3  4  4  5  4  3  3  3  3  3  3  5  11 19 31 38 43 44 42 41 41 40 41 41 44 44 45 42 37 30 24 16 13 9  10 5  4  4  5  7  5  5  3  5  5  
5  3  3  3  4  4  3  3  3  3  3  5  11 18 29 36 44 44 43 39 40 41 40 43 43 44 45 45 40 35 29 26 24 19 14 9  5  4  3  4  5  3  3  2  3  3  
6  4  5  4  5  5  4  4  3  4  6  11 19 30 37 42 45 46 43 41 41 42 44 46 45 45 45 44 39 33 30 32 31 29 19 12 5  3  3  3  3  3  3  3  3  3  
6  5  6  5  5  4  3  4  4  6  12 20 31 37 42 41 44 43 43 39 41 42 45 46 45 43 44 42 37 34 29 35 37 35 26 16 9  5  4  4  3  3  3  3  3  3  
7  9  12 9  8  7  7  7  8  12 19 30 39 44 44 44 45 46 46 44 43 44 45 46 45 44 42 40 33 32 31 35 36 35 28 20 12 8  5  4  4  4  3  3  3  4  
6  9  11 10 9  8  9  10 14 19 29 37 43 44 43 42 44 46 47 47 47 46 44 44 44 44 42 39 31 31 30 36 36 37 32 26 19 14 9  5  4  3  2  2  2  3  
8  14 15 16 16 17 19 20 24 28 35 40 42 42 40 42 44 47 50 52 50 47 45 43 44 43 41 35 30 30 31 35 35 34 30 28 24 19 13 7  4  3  3  3  3  3  
6  8  10 13 15 17 19 22 30 35 41 44 43 41 37 41 43 48 50 51 49 48 45 43 44 44 42 36 29 30 34 39 40 39 35 33 32 27 19 10 5  3  3  3  3  3  
5  8  10 16 18 21 23 26 32 36 42 44 44 42 40 42 44 46 48 48 47 46 45 44 43 42 40 33 28 29 33 41 41 40 34 36 36 32 24 12 6  3  4  4  4  3  
4  4  5  8  11 12 14 18 28 35 42 45 44 43 40 43 44 46 43 44 41 45 44 45 42 44 41 36 29 26 33 39 43 42 39 38 39 33 24 12 6  3  3  3  3  3  
5  3  4  6  7  8  9  12 19 27 36 40 44 45 45 44 43 40 39 39 41 44 45 46 45 44 43 38 31 25 27 35 38 41 37 39 35 29 18 10 5  3  3  3  3  3  
5  3  2  3  3  4  4  5  12 19 30 37 45 46 46 44 40 38 34 37 36 42 42 44 44 45 45 41 35 26 27 28 35 39 40 35 29 19 11 6  4  4  3  3  3  4  
6  6  6  7  7  6  6  6  8  14 23 33 41 45 46 42 39 35 36 39 41 42 39 42 41 43 40 39 35 28 24 26 29 36 34 31 19 11 5  4  4  3  3  3  3  3  
6  7  9  10 9  9  8  8  9  11 18 25 36 42 43 42 37 39 39 44 44 43 41 40 41 41 41 40 37 33 28 24 26 31 29 22 12 6  4  4  4  4  4  3  4  4  
6  10 13 15 14 13 11 12 12 13 16 21 28 35 40 41 41 42 45 48 49 46 42 41 41 41 39 38 36 33 28 24 22 24 21 15 7  4  4  4  4  3  3  3  3  3  
4  7  9  10 9  9  7  8  8  9  9  12 18 28 36 42 42 44 44 47 47 47 46 44 44 44 42 41 38 37 31 24 18 18 13 9  4  3  5  6  7  5  3  2  3  5  
4  5  7  9  10 10 8  8  7  7  6  7  11 18 29 37 42 44 44 45 45 45 45 44 44 44 43 41 40 36 30 21 14 10 7  5  3  3  4  6  7  5  3  2  3  5  
3  3  3  6  8  10 8  6  4  4  3  3  5  11 19 30 37 41 42 41 40 39 41 41 41 41 40 38 36 34 28 19 10 7  4  3  2  2  5  7  10 6  4  2  4  6  
4  3  4  8  12 15 10 10 5  5  3  3  3  5  11 19 28 36 39 38 34 34 34 37 37 37 35 32 30 26 19 11 6  4  3  3  2  2  4  5  6  4  3  2  3  4  
4  3  3  6  9  12 8  7  4  4  3  3  3  3  5  11 18 29 34 36 30 30 29 32 30 33 28 27 22 20 13 8  4  3  3  3  2  2  3  4  5  3  2  2  2  3  
5  3  3  5  8  10 7  6  4  4  4  4  3  3  3  5  10 18 27 32 31 33 31 33 33 34 32 25 20 13 8  3  2  3  3  3  2  2  3  3  3  2  2  2  2  2  
5  3  2  5  6  9  6  5  3  3  3  3  3  3  3  3  5  11 17 27 31 35 34 33 32 35 29 23 14 9  5  3  2  3  3  3  2  2  3  3  3  2  2  2  2  2  
5  3  3  4  7  7  5  4  3  4  3  3  3  3  3  3  3  5  10 18 28 35 38 38 37 34 28 17 10 5  3  2  2  3  4  5  3  3  3  4  5  3  2  2  2  3  
5  3  4  6  9  8  5  3  4  5  7  6  5  4  3  3  2  3  5  11 20 29 36 36 33 27 18 11 5  3  3  2  2  4  5  6  4  3  4  5  6  4  3  2  3  4  
3  2  5  8  13 11 8  4  4  6  9  9  8  5  4  3  2  2  3  6  13 21 31 34 30 19 11 5  3  3  3  2  3  6  9  11 6  4  5  6  10 6  4  2  4  6  
2  2  5  8  15 13 10 5  6  9  14 13 10 6  4  3  2  2  3  3  7  15 24 27 21 13 5  3  3  3  3  3  5  9  11 10 6  4  5  6  7  5  4  3  4  5  
2  2  3  8  14 18 16 9  6  6  9  8  7  5  4  3  2  2  3  3  4  10 17 23 16 9  3  2  3  3  3  3  8  12 17 12 8  4  6  6  6  4  4  4  4  4  
2  2  3  6  13 15 14 8  6  6  10 9  7  5  5  4  3  2  3  3  4  9  15 21 13 8  2  2  3  3  3  5  9  16 15 11 7  5  8  6  5  3  4  6  4  3  
2  2  3  8  14 18 16 9  6  6  9  8  7  5  4  3  2  2  3  3  4  10 17 23 16 9  3  2  3  3  3  3  8  12 17 12 8  4  6  6  6  4  4  4  4  4  
2  2  5  8  15 13 10 5  6  9  14 13 10 6  4  3  2  2  3  3  7  15 24 27 21 13 5  3  3  3  3  3  5  9  11 10 6  4  5  6  7  5  4  3  4  5  
