45 45 1 63
0 0 0 0 0 0 0 0 0 0 0 0 0 0 0 0 0 0 0 0 0 0 33 0 0 0 0 0 0 0 0 0 0 0 0 0 0 0 0 0 0 0 0 0 0 
0 0 0 0 0 0 0 0 0 0 0 0 0 0 0 0 0 0 0 0 0 32 33 34 0 0 0 0 0 0 0 0 0 0 0 0 0 0 0 0 0 0 0 0 0 
0 0 0 0 0 0 0 0 0 0 0 0 0 0 0 0 0 0 0 0 30 32 35 34 35 0 0 0 0 0 0 0 0 0 0 0 0 0 0 0 0 0 0 0 0 
0 0 0 0 0 0 0 0 0 0 0 0 0 0 0 0 0 0 0 35 31 32 33 34 35 31 0 0 0 0 0 0 0 0 0 0 0 0 0 0 0 0 0 0 0 
0 0 0 0 0 0 0 0 0 0 0 0 0 0 0 0 0 0 34 35 31 32 33 34 35 31 32 0 0 0 0 0 0 0 0 0 0 0 0 0 0 0 0 0 0 
0 0 0 0 0 0 0 0 0 0 0 0 0 0 0 0 0 33 34 35 31 32 33 34 35 31 32 33 0 0 0 0 0 0 0 0 0 0 0 0 0 0 0 0 0 
0 0 0 0 0 0 0 0 0 0 0 0 0 0 0 0 32 33 34 35 31 32 33 34 35 31 32 33 34 0 0 0 0 0 0 0 0 0 0 0 0 0 0 0 0 
0 0 0 0 0 0 0 0 0 35 31 32 33 34 35 31 32 33 34 35 31 32 33 34 35 31 32 33 34 35 31 32 33 34 35 31 0 0 0 0 0 0 0 0 0 
0 0 0 0 0 0 0 0 0 35 31 32 33 34 35 31 32 33 34 35 31 32 33 34 35 31 32 33 34 35 31 32 33 34 35 31 0 0 0 0 0 0 0 0 0 
0 0 0 0 0 0 0 0 0 35 31 32 33 34 35 31 32 33 34 35 31 32 33 34 35 31 32 33 34 35 31 32 33 34 35 31 0 0 0 0 0 0 0 0 0 
0 0 0 0 0 0 0 0 0 35 31 32 33 34 35 31 32 33 34 35 31 32 33 34 35 31 32 33 34 35 31 32 33 34 35 31 0 0 0 0 0 0 0 0 0 
0 0 0 0 0 0 0 0 0 35 31 32 33 34 35 31 32 33 34 35 31 32 33 34 35 31 32 33 34 35 31 32 33 34 35 31 0 0 0 0 0 0 0 0 0 
0 0 0 0 0 0 0 0 0 35 31 32 33 34 35 31 32 33 34 35 31 32 33 34 35 31 32 33 34 35 31 32 33 34 35 31 0 0 0 0 0 0 0 0 0 
0 0 0 0 0 0 0 0 0 35 31 32 33 34 35 31 32 33 34 35 31 32 33 34 35 31 32 33 34 35 31 32 33 34 35 31 0 0 0 0 0 0 0 0 0 
0 0 0 0 0 0 0 0 34 35 31 32 33 34 35 31 32 33 34 35 31 32 33 34 35 31 32 33 34 35 31 32 33 34 35 31 32 0 0 0 0 0 0 0 0 
0 0 0 0 0 0 0 33 34 35 31 32 33 34 35 31 32 33 34 35 31 32 33 34 35 31 32 33 34 35 31 32 33 34 35 31 32 33 0 0 0 0 0 0 0 
0 0 0 0 0 0 32 33 34 35 31 32 33 34 35 31 32 33 34 35 31 32 33 34 35 31 32 33 34 35 31 32 33 34 35 31 32 33 34 0 0 0 0 0 0 
0 0 0 0 0 31 32 33 34 35 31 32 33 34 35 31 32 33 34 35 31 32 33 34 35 31 32 33 34 35 31 32 33 34 35 31 32 33 34 35 0 0 0 0 0 
0 0 0 0 35 31 32 33 34 35 31 32 33 34 35 31 32 33 34 35 31 32 33 34 35 31 32 33 34 35 31 32 33 34 35 31 32 33 34 35 31 0 0 0 0 
0 0 0 34 35 31 32 33 34 35 31 32 33 34 35 31 32 33 34 35 31 32 33 34 35 31 32 33 34 35 31 32 33 34 35 31 32 33 34 35 31 32 0 0 0 
0 0 33 34 35 31 32 33 34 35 31 32 33 34 35 31 32 33 34 35 31 32 33 34 35 31 32 33 34 35 31 32 33 34 35 31 32 33 34 35 31 32 33 0 0 
0 32 33 34 35 31 32 33 34 35 31 32 33 34 35 31 32 33 34 35 31 32 33 34 35 31 32 33 34 35 31 32 33 34 35 31 32 33 34 35 31 32 33 34 0 
31 32 33 34 35 31 32 33 34 35 31 32 33 34 35 31 32 33 34 35 31 32 33 34 35 31 32 33 34 35 31 32 33 34 35 31 32 33 34 35 31 32 33 34 35 
0 32 33 34 35 31 32 33 34 35 31 32 33 34 35 31 32 33 34 35 31 32 33 34 35 31 32 33 34 35 31 32 33 34 35 31 32 33 34 35 31 32 33 34 0 
0 0 33 34 35 31 32 33 34 35 31 32 33 34 35 31 32 33 34 35 31 32 33 34 35 31 32 33 34 35 31 32 33 34 35 31 32 33 34 35 31 32 33 0 0 
0 0 0 34 35 31 32 33 34 35 31 32 33 34 35 31 32 33 34 35 31 32 33 34 35 31 32 33 34 35 31 32 33 34 35 31 32 33 34 35 31 32 0 0 0 
0 0 0 0 35 31 32 33 34 35 31 32 33 34 35 31 32 33 34 35 31 32 33 34 35 31 32 33 34 35 31 32 33 34 35 31 32 33 34 35 31 0 0 0 0 
0 0 0 0 0 31 32 33 34 35 31 32 33 34 35 31 32 33 34 35 31 32 33 34 35 31 32 33 34 35 31 32 33 34 35 31 32 33 34 35 0 0 0 0 0 
0 0 0 0 0 0 32 33 34 35 31 32 33 34 35 31 32 33 34 35 31 32 33 34 35 31 32 33 34 35 31 32 33 34 35 31 32 33 34 0 0 0 0 0 0 
0 0 0 0 0 0 0 33 34 35 31 32 33 34 35 31 32 33 34 35 31 32 33 34 35 31 32 33 34 35 31 32 33 34 35 31 32 33 0 0 0 0 0 0 0 
0 0 0 0 0 0 0 0 34 35 31 32 33 34 35 31 32 33 34 35 31 32 33 34 35 31 32 33 34 35 31 32 33 34 35 31 32 0 0 0 0 0 0 0 0 
0 0 0 0 0 0 0 0 0 35 31 32 33 34 35 31 32 33 34 35 31 32 33 34 35 31 32 33 34 35 31 32 33 34 35 31 0 0 0 0 0 0 0 0 0 
0 0 0 0 0 0 0 0 0 35 31 32 33 34 35 31 32 33 34 35 31 32 33 34 35 31 32 33 34 35 31 32 33 34 35 31 0 0 0 0 0 0 0 0 0 
0 0 0 0 0 0 0 0 0 35 31 32 33 34 35 31 32 33 34 35 31 32 33 34 35 31 32 33 34 35 31 32 33 34 35 31 0 0 0 0 0 0 0 0 0 
0 0 0 0 0 0 0 0 0 35 31 32 33 34 35 31 32 33 34 35 31 32 33 34 35 31 32 33 34 35 31 32 33 34 35 31 0 0 0 0 0 0 0 0 0 
0 0 0 0 0 0 0 0 0 35 31 32 33 34 35 31 32 33 34 35 31 32 33 34 35 31 32 33 34 35 31 32 33 34 35 31 0 0 0 0 0 0 0 0 0 
0 0 0 0 0 0 0 0 0 35 31 32 33 34 35 31 32 33 34 35 31 32 33 34 35 31 32 33 34 35 31 32 33 34 35 31 0 0 0 0 0 0 0 0 0 
0 0 0 0 0 0 0 0 0 35 31 32 33 34 35 31 32 33 34 35 31 32 33 34 35 31 32 33 34 35 31 32 33 34 35 31 0 0 0 0 0 0 0 0 0 
0 0 0 0 0 0 0 0 0 0 0 0 0 0 0 0 32 33 34 35 31 32 33 34 35 31 32 33 34 0 0 0 0 0 0 0 0 0 0 0 0 0 0 0 0 
0 0 0 0 0 0 0 0 0 0 0 0 0 0 0 0 0 33 34 35 31 32 33 34 35 31 32 33 0 0 0 0 0 0 0 0 0 0 0 0 0 0 0 0 0 
0 0 0 0 0 0 0 0 0 0 0 0 0 0 0 0 0 0 34 35 31 32 33 34 35 31 32 0 0 0 0 0 0 0 0 0 0 0 0 0 0 0 0 0 0 
0 0 0 0 0 0 0 0 0 0 0 0 0 0 0 0 0 0 0 35 31 32 33 34 35 31 0 0 0 0 0 0 0 0 0 0 0 0 0 0 0 0 0 0 0 
0 0 0 0 0 0 0 0 0 0 0 0 0 0 0 0 0 0 0 0 31 32 33 34 35 0 0 0 0 0 0 0 0 0 0 0 0 0 0 0 0 0 0 0 0 
0 0 0 0 0 0 0 0 0 0 0 0 0 0 0 0 0 0 0 0 0 32 33 34 0 0 0 0 0 0 0 0 0 0 0 0 0 0 0 0 0 0 0 0 0 
0 0 0 0 0 0 0 0 0 0 0 0 0 0 0 0 0 0 0 0 0 0 33 0 0 0 0 0 0 0 0 0 0 0 0 0 0 0 0 0 0 0 0 0 0 
